{
    "calibration_date": "2022-12-07 19:06:20.118076",
    "camera_resolution": {
        "type_id": "opencv-matrix",
        "rows": 2,
        "cols": 1,
        "dt": "d",
        "data": [ 1200.0, 1600.0 ]
    },
    "camera_matrix": {
        "type_id": "opencv-matrix",
        "rows": 3,
        "cols": 3,
        "dt": "d",
        "data": [ 8.7638714483680690e+02, 0.0, 8.4331555653705630e+02,
            0.0, 8.7644598649542741e+02, 6.5641811849711667e+02, 0.0,
            0.0, 1.0 ]
    },
    "dist_coeffs": {
        "type_id": "opencv-matrix",
        "rows": 1,
        "cols": 5,
        "dt": "d",
        "data": [ 5.7669463147126211e-02, -1.1109471787313603e-01,
            -1.1050399777353835e-03, 7.6694567043320342e-04,
            7.2476155057294392e-02 ]
    }
}
